123.88012,10.33128,0
123.88017,10.3312,0
123.88013,10.33116,0
123.88009,10.33113,0
123.88003,10.33108,0
123.87998,10.33102,0
123.8799,10.33091,0
123.8799,10.33086,0
123.87991,10.33083,0
123.87992,10.3308,0
123.87995,10.33073,0
123.88,10.3306,0
123.88008,10.33041,0
123.88014,10.33027,0
123.8803,10.32993,0
123.88046,10.32964,0
123.88052,10.32959,0
123.88054,10.32958,0
123.88059,10.32957,0
123.88066,10.32956,0
123.8807,10.32956,0
123.88075,10.32956,0
123.88081,10.32957,0
123.8812,10.32874,0
123.88125,10.32865,0
123.88133,10.32849,0
123.88141,10.32833,0
123.8815,10.32816,0
123.88158,10.328,0
123.88171,10.32774,0
123.88181,10.32753,0
123.88187,10.3274,0
123.88218,10.32677,0
123.88229,10.32653,0
123.88238,10.32637,0
123.88247,10.32616,0
123.88251,10.32606,0
123.88253,10.32602,0
123.8826,10.32587,0
123.88262,10.32582,0
123.88269,10.32569,0
123.88293,10.32516,0
123.88295,10.32511,0
123.88303,10.32496,0
123.88341,10.32419,0
123.88344,10.32413,0
123.88361,10.32377,0
123.88366,10.32364,0
123.88367,10.32361,0
123.8837,10.32355,0
123.88372,10.32348,0
123.8838,10.32318,0
123.88388,10.32291,0
123.88406,10.32197,0
123.88413,10.32161,0
123.88418,10.32144,0
123.88423,10.32127,0
123.88423,10.32126,0
123.88425,10.32115,0
123.8844,10.32039,0
123.88454,10.31981,0
123.88455,10.31976,0
123.88456,10.31973,0
123.88458,10.31963,0
123.88461,10.31949,0
123.88466,10.31925,0
123.8847,10.31899,0
123.88482,10.31848,0
123.88492,10.31802,0
123.88501,10.3176,0
123.8851,10.31724,0
123.88515,10.31702,0
123.8852,10.31681,0
123.88525,10.31659,0
123.88537,10.31601,0
123.88538,10.31593,0
123.88542,10.31572,0
123.88615,10.31598,0
123.88646,10.31609,0
123.88699,10.3163,0
123.88755,10.31651,0
123.88801,10.31664,0
123.88871,10.31689,0
123.88956,10.3171,0
123.88965,10.31707,0
123.88967,10.31706,0
123.8897,10.31705,0
123.88971,10.31704,0
123.88973,10.31702,0
123.88974,10.31701,0
123.88976,10.31699,0
123.88977,10.31697,0
123.8898,10.31693,0
123.88984,10.31686,0
123.89008,10.31615,0
123.89011,10.31606,0
123.89015,10.31593,0
123.89026,10.31595,0
123.89073,10.31456,0
123.89135,10.31478,0
123.89146,10.31482,0
123.89131,10.31519,0
123.89094,10.31622,0
123.89155,10.31642,0
123.89201,10.31657,0
123.89218,10.31668,0
123.89243,10.31677,0
123.89287,10.31692,0
123.8933,10.31706,0
123.89352,10.31715,0
123.8937,10.31722,0
123.89388,10.31728,0
123.89396,10.31731,0
123.89411,10.31736,0
123.89438,10.31745,0
123.89453,10.31749,0
123.89455,10.31749,0
123.89459,10.3175,0
123.89465,10.31752,0
123.89474,10.31754,0
123.89486,10.31756,0
123.89497,10.31759,0
123.8951,10.3176,0
123.89545,10.31765,0
123.8958,10.3177,0
123.89599,10.31774,0
123.89624,10.31778,0
123.8964,10.31782,0
123.89666,10.31787,0
123.89677,10.31789,0
123.89689,10.31791,0
123.89699,10.31792,0
123.89709,10.31794,0
123.89735,10.318,0
123.89788,10.3181,0
123.89824,10.31818,0
123.89872,10.31827,0
123.89931,10.31842,0
123.89991,10.31857,0
123.89998,10.31857,0
123.90006,10.31859,0
123.90015,10.31864,0
123.90021,10.31867,0
123.90036,10.31873,0
123.90073,10.31891,0
123.90129,10.31919,0
123.90187,10.31948,0
123.90243,10.31977,0
123.90302,10.32005,0
123.9036,10.3204,0
123.90375,10.32037,0
123.90368,10.32021,0
123.90345,10.31969,0
123.90341,10.31961,0
123.90334,10.31945,0
123.90327,10.31933,0
123.90324,10.31926,0
123.90323,10.3192,0
123.90323,10.31907,0
123.90309,10.31876,0
123.90269,10.31794,0
123.9026,10.31778,0
123.90254,10.31764,0
123.9032,10.31735,0
123.90356,10.3172,0
123.9036,10.31718,0
123.90377,10.31704,0
123.90379,10.31702,0
123.90393,10.31685,0
123.90419,10.31664,0
123.90438,10.31653,0
123.9044,10.31652,0
123.90442,10.31651,0
123.90498,10.31633,0
123.90568,10.31614,0
123.90579,10.31611,0
123.90644,10.31594,0
123.90645,10.31594,0
123.90685,10.31577,0
123.90705,10.31567,0
123.90719,10.3156,0
123.90732,10.31555,0
123.90747,10.31548,0
123.90772,10.31538,0
123.9079,10.31541,0
123.9081,10.31545,0
123.90825,10.31552,0
123.90844,10.31566,0
123.9086,10.31582,0
123.9089,10.31612,0
123.90899,10.31631,0
123.90905,10.31642,0
123.90907,10.31654,0
123.9091,10.31668,0
123.90911,10.31677,0
123.90912,10.31683,0
123.90909,10.31704,0
123.90906,10.31713,0
123.90904,10.3172,0
123.909,10.31727,0
123.90899,10.31729,0
123.90888,10.31744,0
123.90881,10.31754,0
123.90876,10.31761,0
123.90867,10.31773,0
123.90855,10.31787,0
123.90854,10.31789,0
123.90842,10.318,0
123.90795,10.3184,0
123.90814,10.31863,0
123.90911,10.31949,0
123.91039,10.32031,0
123.9107,10.32051,0
123.91079,10.32057,0
123.91111,10.32004,0
123.91136,10.31961,0
123.91182,10.31888,0
123.91183,10.31887,0
123.91208,10.31845,0
123.9122,10.31826,0
123.91225,10.31819,0
123.91263,10.31757,0
123.91283,10.31724,0
123.91288,10.31716,0
123.91293,10.31709,0
123.91302,10.31696,0
123.91316,10.31672,0
123.9132,10.31665,0
123.91363,10.31596,0
123.91385,10.31559,0
123.91434,10.31479,0
123.9146,10.31437,0
123.91466,10.31426,0
123.91489,10.31388,0
123.91499,10.31372,0
123.91521,10.3134,0
123.91544,10.31314,0
123.9156,10.31296,0
123.91613,10.31236,0
123.91622,10.31228,0
123.91631,10.31236,0
123.91652,10.31254,0
123.91684,10.31281,0
123.91687,10.31288,0
123.91694,10.31293,0
123.91758,10.31346,0
123.91778,10.31325,0
123.91783,10.31329,0
123.91803,10.31319,0
123.91822,10.31311,0
123.9183,10.31308,0
123.91872,10.31299,0
123.91906,10.31292,0
123.9193,10.31286,0
123.91933,10.31306,0
123.91964,10.313,0
123.91973,10.31296,0
123.91985,10.31291,0
123.91992,10.31286,0
123.92003,10.31276,0
123.92025,10.31255,0
123.92059,10.31213,0
123.92063,10.31208,0
123.92077,10.31189,0
123.92006,10.31126,0
123.91978,10.31107,0
123.91871,10.31021,0
123.91865,10.31016,0
123.91857,10.3101,0
123.91834,10.31037,0
123.91822,10.3105,0
123.91786,10.31091,0
123.91759,10.31124,0