123.93469,10.32528,0
123.93472,10.32526,0
123.93479,10.3252,0
123.93488,10.32508,0
123.93494,10.325,0
123.93498,10.32491,0
123.93508,10.32471,0
123.93466,10.32412,0
123.93458,10.32402,0
123.93445,10.32392,0
123.93437,10.32398,0
123.93394,10.32427,0
123.9336,10.32447,0
123.93351,10.32453,0
123.93348,10.32455,0
123.93345,10.32456,0
123.93342,10.32457,0
123.9334,10.32458,0
123.93338,10.32458,0
123.93337,10.32458,0
123.93335,10.32458,0
123.93334,10.32458,0
123.93333,10.32457,0
123.93331,10.32457,0
123.93329,10.32455,0
123.93328,10.32453,0
123.93327,10.32452,0
123.93302,10.32469,0
123.93256,10.32505,0
123.93265,10.32512,0
123.93356,10.32583,0
123.93362,10.32587,0
123.93369,10.32593,0
123.93375,10.32598,0
123.93393,10.32611,0
123.93464,10.32665,0
123.93485,10.32639,0
123.93522,10.32587,0
123.93525,10.32584,0
123.93532,10.32574,0
123.93576,10.32516,0
123.93594,10.32494,0
123.93607,10.32481,0
123.93617,10.32489,0
123.93649,10.32514,0
123.93684,10.32541,0
123.93692,10.32548,0
123.93704,10.32557,0
123.93719,10.32566,0
123.93733,10.32572,0
123.93746,10.32576,0
123.93757,10.32578,0
123.93766,10.32579,0
123.93778,10.32579,0
123.93781,10.32579,0
123.93794,10.32576,0
123.93808,10.32573,0
123.93883,10.32544,0
123.9394,10.32523,0
123.94005,10.32497,0
123.94095,10.32462,0
123.94125,10.32451,0
123.9415,10.32441,0
123.94166,10.32436,0
123.94188,10.32434,0
123.94193,10.32432,0
123.94198,10.3243,0
123.94254,10.32408,0
123.94257,10.32406,0
123.94349,10.32366,0
123.94395,10.32432,0
123.94403,10.32444,0
123.94411,10.32454,0
123.9447,10.32543,0
123.94529,10.32624,0
123.94548,10.32649,0
123.9459,10.32707,0
123.94595,10.32713,0
123.94606,10.32728,0
123.94609,10.32732,0
123.94617,10.32742,0
123.94621,10.32748,0
123.94627,10.32756,0
123.94637,10.3277,0
123.94653,10.32796,0
123.94694,10.32879,0
123.94708,10.32907,0
123.94728,10.32946,0
123.94739,10.3297,0
123.94772,10.33024,0
123.94783,10.33041,0
123.94867,10.32986,0
123.94874,10.32981,0
123.94914,10.32956,0
123.94932,10.32945,0
123.94955,10.32932,0
123.94973,10.3292,0
123.95014,10.32889,0
123.9502,10.32884,0
123.9505,10.32858,0
123.95065,10.32843,0
123.95088,10.32821,0
123.95107,10.32799,0
123.95123,10.32779,0
123.95153,10.32737,0
123.95157,10.32732,0
123.95179,10.32695,0
123.95189,10.32687,0
123.95195,10.32673,0
123.95201,10.32659,0
123.95208,10.32646,0
123.95219,10.32626,0
123.95235,10.32597,0
123.9524,10.32588,0
123.95248,10.32576,0
123.95253,10.32568,0
123.95262,10.32552,0
123.95266,10.32545,0
123.9528,10.32515,0
123.95284,10.32507,0
123.95318,10.32447,0
123.95319,10.32444,0
123.95328,10.32429,0
123.95336,10.32413,0
123.95344,10.32397,0
123.95353,10.32381,0
123.95361,10.32365,0
123.9537,10.3235,0
123.95374,10.3234,0
123.9538,10.32329,0
123.95396,10.32299,0
123.954,10.32292,0
123.95403,10.32287,0
123.95406,10.32281,0
123.95426,10.32244,0
123.95461,10.32178,0
123.95482,10.32138,0
123.95491,10.32122,0
123.95499,10.32106,0
123.95508,10.3209,0
123.95511,10.32084,0
123.9555,10.32013,0
123.95551,10.3201,0
123.95597,10.31924,0
123.95603,10.31913,0
123.95628,10.31887,0
123.95644,10.3187,0
123.95648,10.3186,0
123.95654,10.31851,0
123.9566,10.31836,0
123.95672,10.31809,0
123.95682,10.31791,0
123.95697,10.31756,0
123.95703,10.31741,0
123.95708,10.31732,0
123.95717,10.31711,0
123.95728,10.3169,0
123.95738,10.3167,0
123.95739,10.31667,0
123.9574,10.31665,0
123.95743,10.3166,0
123.95743,10.31648,0
123.95746,10.31642,0
123.95749,10.31636,0
123.95776,10.31579,0
123.958,10.3153,0
123.95819,10.31493,0
123.95831,10.31468,0
123.95831,10.31461,0
123.95829,10.31456,0
123.95827,10.3145,0
123.95819,10.31434,0
123.95808,10.31428,0
123.958,10.31421,0
123.9579,10.31408,0
123.95757,10.31382,0
123.95723,10.31359,0
123.95679,10.31329,0
123.95651,10.31313,0
123.95544,10.31248,0
123.95524,10.31236,0
123.95511,10.31228,0
123.95468,10.31203,0
123.95402,10.31288,0
123.95399,10.31292,0
123.95386,10.31313,0
123.95385,10.31314,0
123.9538,10.31318,0
123.95378,10.3132,0
123.95371,10.31325,0
123.95368,10.31326,0
123.95364,10.31326,0
123.95362,10.31326,0
123.95354,10.31326,0
123.95293,10.31309,0
123.95289,10.31308,0
123.95265,10.31305,0
123.95232,10.31303,0
123.95214,10.31301,0
123.95202,10.31299,0
123.95193,10.31297,0
123.95184,10.31293,0
123.95142,10.31266,0
123.95045,10.3121,0
123.95013,10.31192,0
123.94997,10.31183,0
123.9498,10.31173,0
123.94938,10.31151,0
123.94925,10.31143,0
123.94914,10.31136,0
123.95707,10.31288,0
123.95679,10.31329,0
123.95723,10.31359,0
123.95757,10.31382,0
123.9579,10.31408,0
123.95803,10.31414,0
123.95821,10.31423,0
123.95832,10.31431,0
123.95847,10.31442,0
123.95856,10.31449,0
123.95849,10.3146,0
123.95838,10.31476,0
123.95825,10.31497,0
123.95804,10.31541,0
123.95779,10.31586,0
123.95757,10.31634,0
123.95756,10.31637,0
123.95752,10.31644,0
123.95749,10.3165,0
123.95743,10.3166,0
123.9574,10.31665,0
123.95739,10.31667,0
123.95738,10.3167,0
123.95728,10.3169,0
123.95717,10.31711,0
123.95708,10.31732,0
123.95703,10.31741,0
123.95697,10.31756,0
123.95682,10.31791,0
123.95672,10.31809,0
123.9566,10.31836,0
123.95654,10.31851,0
123.95648,10.3186,0
123.95644,10.3187,0
123.95628,10.31887,0
123.95603,10.31913,0
123.95597,10.31924,0
123.95551,10.3201,0
123.9555,10.32013,0
123.95511,10.32084,0
123.95508,10.3209,0
123.95499,10.32106,0
123.95491,10.32122,0
123.95482,10.32138,0
123.95461,10.32178,0
123.95426,10.32244,0
123.95406,10.32281,0
123.95403,10.32287,0
123.954,10.32292,0
123.95396,10.32299,0
123.9538,10.32329,0
123.95374,10.3234,0
123.9537,10.3235,0
123.95361,10.32365,0
123.95353,10.32381,0
123.95344,10.32397,0
123.95336,10.32413,0
123.95328,10.32429,0
123.95319,10.32444,0
123.95318,10.32447,0
123.95284,10.32507,0
123.9528,10.32515,0
123.95266,10.32545,0
123.95262,10.32552,0
123.95253,10.32568,0
123.95248,10.32576,0
123.9524,10.32588,0
123.95235,10.32597,0
123.95219,10.32626,0
123.95208,10.32646,0
123.95201,10.32659,0
123.95195,10.32673,0
123.95189,10.32687,0
123.95187,10.32698,0
123.95163,10.3274,0
123.9516,10.32744,0
123.95138,10.32773,0
123.95128,10.32786,0
123.95127,10.32788,0
123.95111,10.32809,0
123.95108,10.32812,0
123.95096,10.32825,0
123.95083,10.32838,0
123.95053,10.32866,0
123.95029,10.32888,0
123.95003,10.3291,0
123.94956,10.32943,0
123.94907,10.32975,0
123.94896,10.32982,0
123.94885,10.3299,0
123.94874,10.32997,0
123.9479,10.33051,0
123.9469,10.3311,0
123.94671,10.33122,0
123.94664,10.33126,0
123.94614,10.33158,0
123.94588,10.33176,0
123.94424,10.33277,0
123.94345,10.33326,0
123.94325,10.33337,0
123.94271,10.33369,0
123.94244,10.33385,0
123.94209,10.33406,0
123.94156,10.33439,0
123.94129,10.33451,0
123.94095,10.33467,0
123.94085,10.3346,0
123.94065,10.33442,0
123.94053,10.33433,0
123.94043,10.33424,0
123.93992,10.33364,0
123.93963,10.33341,0
123.93954,10.33334,0
123.93911,10.33301,0
123.93883,10.3328,0
123.93804,10.33223,0
123.93792,10.33216,0
123.93779,10.33206,0
123.93751,10.33183,0
123.93724,10.33158,0
123.93686,10.33122,0
123.93669,10.33103,0
123.93655,10.33087,0
123.93634,10.33061,0
123.93623,10.33047,0
123.93603,10.33048,0
123.93567,10.33048,0
123.93547,10.33048,0
123.93527,10.33046,0
123.93519,10.33045,0
123.93494,10.33039,0
123.93449,10.33025,0
123.9342,10.33012,0
123.93413,10.33008,0
123.93393,10.32999,0
123.93275,10.3295,0
123.93263,10.32945,0
123.93321,10.32865,0
123.93356,10.32819,0
123.93357,10.32817,0
123.93388,10.32774,0
123.93404,10.32752,0
123.93407,10.32748,0
123.93443,10.32697,0
123.93457,10.32675,0
123.93405,10.32637,0
123.93358,10.326,0
123.93351,10.32594,0
123.93362,10.32587,0
123.93378,10.32577,0
123.93393,10.32569,0
123.93409,10.32562,0
123.9342,10.32555,0
123.93421,10.32554,0
123.93421,10.32553,0
123.93421,10.32552,0
123.93421,10.32551,0
123.93421,10.3255,0
123.93422,10.32549,0
123.93422,10.32548,0
123.93423,10.32547,0
123.93423,10.32546,0
123.93424,10.32546,0
123.93424,10.32545,0
123.93425,10.32545,0
123.93426,10.32544,0
123.93427,10.32543,0
123.93428,10.32542,0
123.93429,10.32542,0
123.9343,10.32541,0
123.93431,10.32541,0
123.93432,10.32541,0
123.93433,10.32541,0
123.93434,10.32541,0
123.93435,10.32541,0
123.93436,10.32541,0
123.93437,10.32541,0
123.93438,10.32541,0
123.93439,10.32541,0
123.9344,10.32542,0
123.93441,10.32542,0
123.93442,10.32543,0
123.93443,10.32543,0
123.93444,10.32544,0
123.93445,10.32545,0
123.93454,10.3254,0
123.93467,10.32531,0
123.93469,10.32528,0