123.88012,10.33128,0
123.88017,10.3312,0
123.88013,10.33116,0
123.88009,10.33113,0
123.88003,10.33108,0
123.87998,10.33102,0
123.8799,10.33091,0
123.8799,10.33086,0
123.87991,10.33083,0
123.87992,10.3308,0
123.87995,10.33073,0
123.88,10.3306,0
123.88008,10.33041,0
123.88014,10.33027,0
123.8803,10.32993,0
123.88046,10.32964,0
123.88052,10.32959,0
123.88054,10.32958,0
123.88059,10.32957,0
123.88066,10.32956,0
123.8807,10.32956,0
123.88075,10.32956,0
123.88081,10.32957,0
123.8812,10.32874,0
123.88125,10.32865,0
123.88133,10.32849,0
123.88141,10.32833,0
123.8815,10.32816,0
123.88158,10.328,0
123.88171,10.32774,0
123.88181,10.32753,0
123.88187,10.3274,0
123.88218,10.32677,0
123.88229,10.32653,0
123.88238,10.32637,0
123.88247,10.32616,0
123.88251,10.32606,0
123.88253,10.32602,0
123.8826,10.32587,0
123.88262,10.32582,0
123.88269,10.32569,0
123.88293,10.32516,0
123.88295,10.32511,0
123.88303,10.32496,0
123.88341,10.32419,0
123.88344,10.32413,0
123.88361,10.32377,0
123.88366,10.32364,0
123.88367,10.32361,0
123.8837,10.32355,0
123.88372,10.32348,0
123.8838,10.32318,0
123.88388,10.32291,0
123.88406,10.32197,0
123.88413,10.32161,0
123.88418,10.32144,0
123.88423,10.32127,0
123.88423,10.32126,0
123.88425,10.32115,0
123.8844,10.32039,0
123.88454,10.31981,0
123.88455,10.31976,0
123.88456,10.31973,0
123.88458,10.31963,0
123.88461,10.31949,0
123.88466,10.31925,0
123.8847,10.31899,0
123.88482,10.31848,0
123.88492,10.31802,0
123.88501,10.3176,0
123.8851,10.31724,0
123.88515,10.31702,0
123.8852,10.31681,0
123.88525,10.31659,0
123.88537,10.31601,0
123.88538,10.31593,0
123.88542,10.31572,0
123.88548,10.31547,0
123.88553,10.31524,0
123.88562,10.31483,0
123.88575,10.31426,0
123.88584,10.31384,0
123.88588,10.31366,0
123.88593,10.31346,0
123.88604,10.31295,0
123.88606,10.31286,0
123.88613,10.31249,0
123.88615,10.31241,0
123.88618,10.31228,0
123.88626,10.31178,0
123.88629,10.31144,0
123.88635,10.31103,0
123.88643,10.31029,0
123.88648,10.30995,0
123.88657,10.3093,0
123.88663,10.30883,0
123.88664,10.30858,0
123.88666,10.30832,0
123.88667,10.30792,0
123.88703,10.30795,0
123.88734,10.30797,0
123.88758,10.30798,0
123.88801,10.30801,0
123.88854,10.30804,0
123.88902,10.30807,0
123.88905,10.30807,0
123.88927,10.3081,0
123.88947,10.30815,0
123.88961,10.30819,0
123.88966,10.3082,0
123.89006,10.30833,0
123.89054,10.3085,0
123.89085,10.3086,0
123.89176,10.30893,0
123.89219,10.30907,0
123.89262,10.30927,0
123.89272,10.30933,0
123.89278,10.3093,0
123.89284,10.30927,0
123.89289,10.30924,0
123.89296,10.30923,0
123.89302,10.30921,0
123.89308,10.3092,0
123.89314,10.3092,0
123.89318,10.3092,0
123.89322,10.3092,0
123.89325,10.3092,0
123.89329,10.30921,0
123.89343,10.30884,0
123.89348,10.30869,0
123.89351,10.30859,0
123.89368,10.30813,0
123.8938,10.30781,0
123.89407,10.30708,0
123.89409,10.30701,0
123.89444,10.30606,0
123.8946,10.3056,0
123.89526,10.30379,0
123.89532,10.30361,0
123.89542,10.30332,0
123.89549,10.30312,0
123.89553,10.30301,0
123.89564,10.30267,0
123.89571,10.30248,0
123.89585,10.30211,0
123.89608,10.30142,0
123.89619,10.30108,0
123.89625,10.30091,0
123.89636,10.30056,0
123.89664,10.29973,0
123.8967,10.29959,0
123.89674,10.29951,0
123.89685,10.29923,0
123.89711,10.29857,0
123.89741,10.29772,0
123.89753,10.29759,0
123.89774,10.29721,0
123.89799,10.29672,0
123.89801,10.29669,0
123.89801,10.29668,0
123.89808,10.29654,0
123.89817,10.29636,0
123.89823,10.29626,0
123.8983,10.2963,0
123.89837,10.29626,0
123.89842,10.29623,0
123.89848,10.2962,0
123.89886,10.29603,0
123.89945,10.29576,0
123.89951,10.29574,0
123.8999,10.29557,0
123.90032,10.2954,0
123.89997,10.2942,0
123.89965,10.29315,0
123.89941,10.29227,0
123.89936,10.2921,0
123.89957,10.29203,0
123.90011,10.29216,0
123.90029,10.2922,0
123.9011,10.29238,0
123.90199,10.2926,0
123.90224,10.29266,0
123.90302,10.29236,0
123.9033,10.293,0