123.90023,10.29219,0
123.90029,10.2922,0
123.9011,10.29238,0
123.90199,10.2926,0
123.90224,10.29266,0
123.90302,10.29236,0
123.90334,10.29309,0
123.90375,10.29391,0
123.90303,10.29423,0
123.90237,10.29452,0
123.90231,10.29454,0
123.90155,10.29486,0
123.90094,10.29512,0
123.90073,10.29523,0
123.90032,10.2954,0
123.8999,10.29557,0
123.89951,10.29574,0
123.89945,10.29576,0
123.89886,10.29603,0
123.89848,10.2962,0
123.89842,10.29623,0
123.89837,10.29626,0
123.8983,10.2963,0
123.89823,10.29626,0
123.89817,10.29636,0
123.89808,10.29654,0
123.89801,10.29668,0
123.89801,10.29669,0
123.89799,10.29672,0
123.89774,10.29721,0
123.89753,10.29759,0
123.8975,10.29776,0
123.89719,10.29863,0
123.89712,10.29884,0
123.89697,10.29928,0
123.89685,10.29956,0
123.89682,10.29965,0
123.89675,10.29982,0
123.89642,10.30077,0
123.89595,10.30215,0
123.89579,10.30257,0
123.89574,10.3027,0
123.89569,10.30284,0
123.8954,10.3037,0
123.89535,10.30381,0
123.89517,10.30431,0
123.89505,10.30465,0
123.89488,10.30513,0
123.89476,10.30547,0
123.8947,10.30564,0
123.8946,10.30594,0
123.89455,10.30606,0
123.89452,10.30614,0
123.89442,10.30645,0
123.89429,10.30685,0
123.8942,10.30713,0
123.89392,10.30791,0
123.89366,10.30866,0
123.89363,10.30875,0
123.89359,10.30888,0
123.89346,10.30926,0
123.89349,10.30928,0
123.89353,10.30931,0
123.89357,10.30933,0
123.89362,10.30936,0
123.89365,10.30939,0
123.89368,10.30942,0
123.89371,10.30946,0
123.89372,10.30948,0
123.89374,10.30953,0
123.89376,10.30958,0
123.89378,10.30962,0
123.89378,10.30965,0
123.89379,10.30967,0
123.8938,10.30969,0
123.8938,10.30972,0
123.8938,10.30975,0
123.89381,10.30977,0
123.89381,10.30982,0
123.89381,10.30985,0
123.89381,10.30988,0
123.8938,10.30993,0
123.89379,10.30996,0
123.89378,10.31,0
123.89378,10.31003,0
123.89376,10.31006,0
123.89375,10.31009,0
123.89373,10.31013,0
123.89371,10.31016,0
123.89368,10.3102,0
123.89363,10.31027,0
123.89358,10.31033,0
123.89353,10.31037,0
123.89347,10.31042,0
123.89342,10.31045,0
123.89335,10.31048,0
123.89328,10.3105,0
123.8932,10.31052,0
123.89313,10.31052,0
123.89301,10.31062,0
123.89299,10.31064,0
123.89295,10.31069,0
123.89291,10.31076,0
123.8929,10.31079,0
123.89284,10.31094,0
123.89271,10.31132,0
123.89209,10.31299,0
123.89202,10.31318,0
123.89191,10.31351,0
123.8918,10.31383,0
123.89146,10.31482,0
123.89131,10.31519,0
123.89094,10.31622,0
123.89091,10.3163,0
123.89079,10.31626,0
123.89033,10.31608,0
123.89029,10.31609,0
123.89026,10.31611,0
123.89021,10.31615,0
123.89017,10.31618,0
123.89015,10.31622,0
123.88988,10.31696,0
123.88984,10.31708,0
123.88984,10.3171,0
123.88983,10.31711,0
123.88982,10.31712,0
123.88981,10.31713,0
123.8898,10.31713,0
123.88978,10.31713,0
123.88973,10.31714,0
123.88956,10.3171,0
123.88871,10.31689,0
123.88801,10.31664,0
123.88755,10.31651,0
123.88699,10.3163,0
123.88646,10.31609,0
123.88615,10.31598,0
123.88542,10.31572,0
123.88499,10.31561,0
123.88486,10.31558,0
123.88472,10.31554,0
123.88461,10.3155,0
123.88453,10.31546,0
123.88443,10.31542,0
123.88437,10.31539,0
123.88424,10.31532,0
123.88413,10.31525,0
123.88402,10.31518,0
123.88398,10.31516,0
123.88389,10.31511,0
123.88378,10.31505,0
123.88369,10.31502,0
123.8836,10.31499,0
123.88327,10.31488,0
123.88311,10.31485,0
123.88235,10.31464,0
123.88185,10.3145,0
123.88181,10.31449,0
123.88173,10.31447,0
123.88168,10.31445,0
123.88149,10.31439,0
123.88123,10.3143,0
123.88104,10.31421,0
123.88101,10.3142,0
123.88067,10.314,0
123.88056,10.31392,0
123.88045,10.31385,0
123.8804,10.31381,0
123.88037,10.31379,0
123.88023,10.31369,0
123.88022,10.31368,0
123.88017,10.31365,0
123.88007,10.3136,0
123.87998,10.31355,0
123.87978,10.31345,0
123.87913,10.31316,0
123.87881,10.31302,0
123.8785,10.31289,0
123.87847,10.31286,0
123.87842,10.31283,0
123.87825,10.31271,0
123.87816,10.31265,0
123.87798,10.31249,0
123.87782,10.31231,0
123.87767,10.31214,0
123.87731,10.31167,0
123.87726,10.31162,0
123.87688,10.31113,0
123.8768,10.31104,0
123.87642,10.31059,0
123.87631,10.31042,0
123.87624,10.31029,0
123.87618,10.31017,0
123.87614,10.31004,0
123.87609,10.30983,0
123.87602,10.30952,0
123.87601,10.30943,0
123.876,10.30907,0
123.87598,10.3083,0
123.87598,10.30824,0
123.87597,10.30801,0
123.87597,10.30797,0
123.87596,10.30728,0
123.87596,10.30725,0
123.87601,10.3069,0
123.87604,10.30675,0
123.87613,10.30641,0
123.87613,10.3064,0
123.87617,10.30616,0
123.87618,10.30609,0
123.87634,10.30558,0
123.87637,10.30549,0
123.87639,10.30544,0
123.87641,10.30539,0
123.87651,10.30521,0