123.94611,10.33875,0
123.94613,10.33882,0
123.94687,10.33865,0
123.94784,10.33848,0
123.94871,10.33833,0
123.94858,10.33799,0
123.94854,10.33788,0
123.94848,10.33775,0
123.94826,10.33726,0
123.94821,10.33713,0
123.94818,10.33708,0
123.94817,10.33705,0
123.9481,10.33689,0
123.94807,10.33682,0
123.94792,10.33651,0
123.94781,10.33627,0
123.94773,10.33609,0
123.94755,10.33565,0
123.94751,10.33556,0
123.94743,10.33535,0
123.94735,10.33515,0
123.94713,10.33463,0
123.94695,10.33419,0
123.94657,10.33339,0
123.94636,10.33289,0
123.94629,10.33272,0
123.94615,10.33238,0
123.94588,10.33176,0
123.94582,10.33166,0
123.94553,10.33095,0
123.94543,10.33073,0
123.94522,10.33027,0
123.94518,10.33018,0
123.94516,10.33016,0
123.94513,10.33008,0
123.94498,10.32974,0
123.94485,10.32943,0
123.94477,10.32922,0
123.94467,10.32901,0
123.94443,10.32844,0
123.94393,10.32867,0
123.94311,10.32905,0
123.94331,10.32978,0
123.94335,10.3299,0
123.94253,10.33014,0
123.94204,10.33027,0
123.94196,10.3303,0
123.94174,10.33035,0
123.94171,10.33036,0
123.94148,10.33045,0
123.9413,10.33051,0
123.94085,10.33069,0
123.94084,10.33069,0
123.94056,10.33081,0
123.94043,10.33086,0
123.94041,10.33087,0
123.94026,10.33094,0
123.94017,10.33098,0
123.94003,10.33104,0
123.93999,10.33105,0
123.93963,10.33119,0
123.93947,10.33125,0
123.93918,10.33141,0
123.939,10.33153,0
123.93871,10.33173,0
123.93804,10.33223,0
123.93792,10.33216,0
123.93779,10.33206,0
123.93751,10.33183,0
123.93724,10.33158,0
123.93686,10.33122,0
123.93669,10.33103,0
123.93655,10.33087,0
123.93634,10.33061,0
123.93623,10.33047,0
123.93603,10.33048,0
123.93567,10.33048,0
123.93547,10.33048,0
123.93527,10.33046,0
123.93519,10.33045,0
123.93494,10.33039,0
123.93449,10.33025,0
123.9342,10.33012,0
123.93422,10.33017,0
123.93426,10.33024,0
123.93437,10.33042,0
123.93488,10.33118,0
123.93508,10.33148,0
123.9351,10.33151,0
123.93518,10.33164,0
123.9352,10.33168,0
123.93526,10.3318,0
123.93528,10.33189,0
123.93554,10.33208,0
123.93549,10.33217,0
123.93537,10.33209,0
123.93491,10.33177,0
123.93483,10.33172,0
123.93466,10.33159,0
123.93438,10.3314,0
123.93273,10.33024,0
123.93235,10.32997,0
123.93219,10.32986,0
123.9312,10.32916,0
123.93109,10.32906,0
123.931,10.32899,0
123.93088,10.32889,0
123.93066,10.32873,0
123.9306,10.32869,0
123.93054,10.32863,0
123.93051,10.3286,0
123.93048,10.32857,0
123.93047,10.32855,0
123.93046,10.32852,0
123.93039,10.32846,0
123.9303,10.32839,0
123.92934,10.32744,0
123.92869,10.32684,0
123.92858,10.32674,0
123.92849,10.32666,0
123.92834,10.32652,0
123.92823,10.32642,0
123.92703,10.32533,0
123.92683,10.32515,0
123.92628,10.32467,0
123.92609,10.3245,0
123.92565,10.32409,0
123.92533,10.32381,0
123.92521,10.32371,0
123.92515,10.32366,0
123.92508,10.32361,0
123.92482,10.32337,0
123.9247,10.32327,0
123.92453,10.32313,0
123.92445,10.32302,0
123.92378,10.32243,0
123.92353,10.32222,0
123.92347,10.32216,0
123.92344,10.32214,0
123.9233,10.32202,0
123.92327,10.322,0
123.92267,10.32147,0
123.9224,10.32125,0
123.92214,10.32102,0
123.92207,10.32096,0
123.92152,10.32047,0
123.92064,10.31972,0
123.9198,10.31911,0
123.91936,10.31878,0
123.91921,10.31868,0
123.91907,10.31858,0
123.91892,10.31843,0
123.91879,10.31829,0
123.91874,10.31822,0
123.91822,10.31765,0
123.91721,10.31647,0
123.91681,10.31599,0
123.91655,10.31566,0
123.91626,10.31532,0
123.91606,10.31507,0
123.91586,10.31489,0
123.91581,10.31486,0
123.91577,10.31482,0
123.91564,10.31474,0
123.91474,10.3143,0
123.91443,10.31479,0
123.9144,10.31484,0
123.91418,10.31522,0
123.91392,10.31562,0
123.9137,10.31598,0
123.91326,10.31669,0
123.91308,10.317,0
123.91293,10.31723,0
123.91269,10.3176,0
123.91233,10.31819,0
123.91231,10.31823,0
123.91208,10.3186,0
123.91189,10.31891,0
123.91182,10.31902,0
123.91175,10.31912,0
123.91143,10.31965,0
123.91143,10.31966,0
123.91112,10.32012,0
123.91099,10.32036,0
123.91084,10.32059,0
123.91077,10.32071,0
123.91071,10.32065,0
123.91033,10.32041,0
123.90963,10.31997,0
123.90952,10.3199,0
123.90918,10.31968,0
123.90906,10.31961,0
123.90859,10.31918,0
123.90833,10.31895,0
123.90813,10.31874,0
123.90787,10.31845,0
123.90782,10.31838,0
123.90774,10.31827,0
123.9075,10.31791,0
123.90737,10.31776,0
123.90735,10.31773,0
123.90721,10.31761,0
123.90704,10.31749,0
123.90683,10.31738,0
123.90673,10.31732,0
123.9063,10.31711,0
123.90628,10.3171,0
123.90612,10.31695,0
123.90596,10.31676,0
123.90583,10.31653,0
123.90572,10.31624,0
123.90507,10.31643,0
123.90456,10.31659,0
123.90438,10.31668,0
123.90417,10.31682,0
123.90401,10.31697,0
123.90388,10.31712,0
123.90361,10.31733,0
123.9036,10.31733,0
123.90329,10.31748,0
123.9026,10.31778,0
123.90269,10.31794,0
123.90309,10.31876,0
123.90323,10.31907,0
123.90332,10.31917,0
123.90337,10.31922,0
123.90355,10.31962,0
123.90366,10.31988,0
123.90379,10.32016,0
123.90388,10.32033,0
123.90447,10.32007,0
123.90426,10.31963,0
123.9041,10.31928,0
123.90398,10.31903,0
123.90384,10.31872,0