123.84815,10.27243,0
123.84826,10.27252,0
123.84879,10.27303,0
123.84909,10.27332,0
123.84912,10.27335,0
123.84937,10.2736,0
123.84957,10.2738,0
123.8497,10.27392,0
123.85052,10.27472,0
123.85061,10.27482,0
123.85066,10.27487,0
123.85142,10.27561,0
123.85154,10.27573,0
123.85182,10.276,0
123.85185,10.27603,0
123.8524,10.27657,0
123.85267,10.27685,0
123.85278,10.27696,0
123.85281,10.27699,0
123.85292,10.2771,0
123.85301,10.27719,0
123.85321,10.27741,0
123.85345,10.27766,0
123.85351,10.27771,0
123.85363,10.27784,0
123.85372,10.27792,0
123.85379,10.27799,0
123.85453,10.27869,0
123.85475,10.27891,0
123.85479,10.27895,0
123.85519,10.27934,0
123.85521,10.27936,0
123.85543,10.27958,0
123.85567,10.27983,0
123.85569,10.27985,0
123.85621,10.28044,0
123.85666,10.28093,0
123.85701,10.28132,0
123.85789,10.28232,0
123.85803,10.28252,0
123.85813,10.28263,0
123.8582,10.28271,0
123.85828,10.28275,0
123.85852,10.28301,0
123.85904,10.28361,0
123.85912,10.28371,0
123.85939,10.28401,0
123.85971,10.28437,0
123.85973,10.2844,0
123.8602,10.28494,0
123.86039,10.28516,0
123.86041,10.28518,0
123.86051,10.2853,0
123.86085,10.28569,0
123.86119,10.28608,0
123.86153,10.28645,0
123.86191,10.28679,0
123.86202,10.28688,0
123.86216,10.28698,0
123.86222,10.28701,0
123.86247,10.28717,0
123.86255,10.28722,0
123.86269,10.28729,0
123.86283,10.28736,0
123.86307,10.28748,0
123.86309,10.28749,0
123.86334,10.2876,0
123.86388,10.28783,0
123.86466,10.28813,0
123.86486,10.28823,0
123.86528,10.28839,0
123.8653,10.2884,0
123.86544,10.28846,0
123.86551,10.28848,0
123.86564,10.28853,0
123.86573,10.28856,0
123.86608,10.28867,0
123.86648,10.28878,0
123.86671,10.28884,0
123.86736,10.28901,0
123.86769,10.2891,0
123.86801,10.28917,0
123.86872,10.28935,0
123.8689,10.28939,0
123.86926,10.28948,0
123.86956,10.28957,0
123.87001,10.28966,0
123.87015,10.28969,0
123.87038,10.28972,0
123.87047,10.28973,0
123.87072,10.28974,0
123.87126,10.28976,0
123.8717,10.28977,0
123.87245,10.2898,0
123.87262,10.28982,0
123.87274,10.28983,0
123.87286,10.28984,0
123.873,10.28986,0
123.87314,10.28988,0
123.87327,10.28989,0
123.8734,10.28991,0
123.87363,10.28995,0
123.87417,10.29005,0
123.87503,10.29021,0
123.87538,10.29029,0
123.87554,10.29033,0
123.87555,10.29033,0
123.87556,10.29034,0
123.87557,10.29034,0
123.87557,10.29035,0
123.87575,10.29038,0
123.87596,10.29043,0
123.87606,10.29045,0
123.87616,10.29048,0
123.8763,10.29053,0
123.87633,10.29054,0
123.8765,10.29061,0
123.8766,10.29067,0
123.87671,10.29074,0
123.87709,10.291,0
123.8771,10.29102,0
123.8774,10.29123,0
123.87799,10.29165,0
123.87843,10.29197,0
123.87858,10.29207,0
123.87902,10.29239,0
123.87915,10.29245,0
123.8797,10.29282,0
123.88011,10.2931,0
123.88021,10.29318,0
123.88025,10.29321,0
123.88055,10.29342,0
123.88106,10.29379,0
123.88158,10.29415,0
123.88247,10.29479,0
123.88279,10.295,0
123.88341,10.29546,0
123.88346,10.2955,0
123.88361,10.2956,0
123.88389,10.29579,0
123.88397,10.29585,0
123.88403,10.29589,0
123.88412,10.29594,0
123.88422,10.296,0
123.88432,10.29606,0
123.88443,10.29612,0
123.88466,10.29624,0
123.88499,10.2964,0
123.88511,10.29645,0
123.88519,10.29649,0
123.88528,10.29652,0
123.88542,10.29658,0
123.88556,10.29663,0
123.88564,10.29666,0
123.88572,10.29668,0
123.8858,10.29671,0
123.88618,10.29682,0
123.88635,10.29687,0
123.88657,10.29693,0
123.88671,10.29697,0
123.88678,10.29698,0
123.88692,10.29701,0
123.88708,10.29704,0
123.88724,10.29706,0
123.88836,10.2972,0
123.88941,10.2973,0
123.88957,10.29732,0
123.88958,10.29732,0
123.88964,10.29733,0
123.88989,10.29737,0
123.89009,10.2974,0
123.8902,10.29742,0
123.8903,10.29744,0
123.89039,10.29747,0
123.89048,10.29749,0
123.8906,10.29752,0
123.89079,10.2976,0
123.89092,10.29765,0
123.89103,10.2977,0
123.89115,10.29775,0
123.89154,10.29795,0
123.89211,10.29822,0
123.89221,10.29825,0
123.89229,10.29828,0
123.89239,10.29832,0
123.8925,10.29835,0
123.89258,10.29837,0
123.89266,10.29839,0
123.89274,10.2984,0
123.89287,10.29842,0
123.89349,10.29848,0
123.89473,10.29864,0
123.8948,10.29865,0
123.89499,10.29868,0
123.89506,10.2987,0
123.89519,10.29873,0
123.89533,10.29877,0
123.8954,10.29879,0
123.89555,10.29886,0
123.89654,10.29938,0
123.89674,10.29951,0
123.89685,10.29956,0
123.89708,10.29966,0
123.89715,10.29976,0
123.8974,10.29989,0
123.89787,10.30014,0
123.89803,10.30023,0
123.89862,10.30053,0
123.89895,10.3007,0
123.89925,10.30086,0
123.89969,10.30111,0
123.9,10.30127,0
123.90009,10.30132,0
123.90021,10.30134,0
123.90039,10.30141,0
123.90084,10.30158,0
123.90151,10.30177,0
123.90177,10.30186,0
123.90189,10.3019,0
123.90191,10.3019,0
123.90193,10.3019,0
123.90195,10.3019,0
123.90197,10.3019,0
123.90199,10.3019,0
123.90201,10.30189,0
123.90203,10.30189,0
123.90205,10.30189,0
123.90207,10.30188,0
123.9021,10.30188,0
123.90213,10.30187,0
123.90215,10.30186,0
123.90218,10.30186,0
123.9022,10.30185,0
123.90223,10.30184,0
123.90225,10.30183,0
123.90234,10.30167,0
123.90356,10.30175,0
123.90373,10.30177,0
123.90415,10.3018,0
123.9046,10.30181,0
123.90547,10.30187,0
123.90613,10.30191,0
123.90655,10.30193,0
123.90735,10.30197,0
123.90785,10.30195,0
123.90846,10.30193,0
123.90896,10.30193,0
123.90898,10.30214,0
123.90904,10.30243,0
123.90908,10.30254,0
123.90911,10.30265,0
123.90915,10.30277,0
123.9092,10.3029,0
123.9093,10.3032,0
123.90933,10.3033,0
123.9094,10.30351,0
123.90974,10.30449,0
123.90988,10.30481,0
123.90992,10.30488,0
123.90997,10.30494,0
123.91003,10.30501,0
123.91027,10.30521,0
123.9103,10.30524,0
123.91072,10.30558,0
123.91086,10.3057,0
123.91095,10.30572,0
123.91103,10.30578,0
123.91096,10.30586,0
123.90985,10.30718,0
123.91029,10.30752,0
123.9106,10.30777,0
123.91067,10.30783,0
123.91236,10.30922,0
123.91429,10.31077,0
123.91605,10.31222,0
123.91622,10.31228,0
123.91631,10.31236,0
123.91652,10.31254,0
123.91684,10.31281,0
123.91687,10.31288,0
123.91694,10.31293,0
123.91758,10.31346,0
123.91764,10.31351,0
123.91781,10.31365,0
123.91848,10.31422,0
123.91857,10.31428,0
123.91865,10.31431,0
123.9187,10.31433,0
123.91876,10.31432,0
123.91893,10.3143,0
123.91949,10.3142,0